-0.003921568627451
0.003921568627451
-0.003921568627451
-0.003921568627451
0.003921568627451
-0.003921568627451
0.011764705882353
0.011764705882353
-0.003921568627451
-0.003921568627451
0.011764705882353
0.003921568627451
-0.003921568627451
0.035294117647059
0.003921568627451
-0.003921568627451
-0.003921568627451
0.003921568627451
0.003921568627451
-0.003921568627451
0.003921568627451
0.003921568627451
-0.003921568627451
0.003921568627451
0.019607843137255
-0.003921568627451
-0.003921568627451
0.003921568627451
-0.003921568627451
-0.003921568627451
-0.003921568627451
0.011764705882353
0.003921568627451
-0.003921568627451
0.003921568627451
0.003921568627451
-0.003921568627451
0.003921568627451
-0.011764705882353
-0.019607843137255
0.003921568627451
-0.011764705882353
-0.027450980392157
0.003921568627451
-0.003921568627451
-0.003921568627451
-0.003921568627451
-0.003921568627451
-0.003921568627451
-0.003921568627451
-0.003921568627451
0.003921568627451
-0.011764705882353
-0.011764705882353
0.003921568627451
-0.003921568627451
0.003921568627451
0.003921568627451
-0.003921568627451
0.003921568627451
-0.011764705882353
-0.003921568627451
0.003921568627451
-0.003921568627451
0.019607843137255
0.003921568627451
-0.003921568627451
-0.011764705882353
-0.011764705882353
0.003921568627451
-0.003921568627451
-0.003921568627451
-0.003921568627451
-0.003921568627451
-0.003921568627451
0.003921568627451
-0.003921568627451
-0.003921568627451
0.003921568627451
-0.003921568627451
0.003921568627451
0.003921568627451
-0.003921568627451
-0.003921568627451
-0.003921568627451
-0.003921568627451
0.003921568627451
-0.019607843137255
-0.027450980392157
0.003921568627451
-0.003921568627451
0.011764705882353
0.011764705882353
-0.003921568627451
0.003921568627451
-0.003921568627451
0.003921568627451
0.003921568627451
-0.003921568627451
0.003921568627451
0.027450980392157
-0.003921568627451
0.003921568627451
-0.003921568627451
-0.003921568627451
-0.003921568627451
-0.003921568627451
-0.003921568627451
0.003921568627451
0.003921568627451
-0.003921568627451
0.003921568627451
-0.011764705882353
-0.011764705882353
0.003921568627451
-0.003921568627451
0.027450980392157
-0.003921568627451
-0.003921568627451
-0.003921568627451
-0.027450980392157
-0.003921568627451
-0.003921568627451
0.003921568627451
-0.003921568627451
-0.011764705882353
0.003921568627451
-0.003921568627451
-0.003921568627451
-0.011764705882353
0.003921568627451
-0.003921568627451
0.011764705882353
-0.003921568627451
0.003921568627451
-0.003921568627451
0.035294117647059
0.011764705882353
-0.003921568627451
0.003921568627451
-0.019607843137255
-0.011764705882353
0.003921568627451
-0.003921568627451
-0.003921568627451
0.003921568627451
-0.003921568627451
0.003921568627451
-0.003921568627451
-0.011764705882353
-0.003921568627451
-0.003921568627451
0.003921568627451
-0.003921568627451
-0.003921568627451
0.003921568627451
-0.027450980392157
-0.027450980392157
0.003921568627451
-0.003921568627451
0.003921568627451
0.003921568627451
-0.003921568627451
-0.003921568627451
0.003921568627451
-0.011764705882353
-0.003921568627451
0.003921568627451
-0.003921568627451
0.003921568627451
0.003921568627451
-0.003921568627451
0.011764705882353
0.003921568627451
-0.011764705882353
0.003921568627451
-0.027450980392157
-0.019607843137255
0.003921568627451
-0.003921568627451
0.003921568627451
-0.011764705882353
-0.003921568627451
0.003921568627451
-0.003921568627451
-0.027450980392157
-0.003921568627451
0.003921568627451
-0.003921568627451
-0.019607843137255
-0.003921568627451
-0.003921568627451
-0.003921568627451
-0.011764705882353
-0.003921568627451
0.003921568627451
-0.011764705882353
-0.011764705882353
0.003921568627451
-0.003921568627451
0.011764705882353
0.003921568627451
-0.003921568627451
-0.003921568627451
0.003921568627451
-0.011764705882353
-0.003921568627451
-0.003921568627451
-0.003921568627451
0.011764705882353
-0.003921568627451
-0.003921568627451
-0.003921568627451
-0.011764705882353
-0.003921568627451
-0.003921568627451
-0.003921568627451
0.011764705882353
-0.003921568627451
-0.003921568627451
0.003921568627451
0.019607843137255
-0.003921568627451
0.003921568627451
-0.011764705882353
-0.003921568627451
0.003921568627451
-0.003921568627451
-0.011764705882353
-0.011764705882353
-0.003921568627451
0.003921568627451
-0.019607843137255
-0.019607843137255
0.003921568627451
-0.003921568627451
-0.003921568627451
0.027450980392157
-0.003921568627451
-0.003921568627451
-0.003921568627451
0.003921568627451
-0.003921568627451
0.003921568627451
-0.035294117647059
-0.011764705882353
0.003921568627451
-0.003921568627451
0.011764705882353
0.011764705882353
-0.003921568627451
0.003921568627451
-0.003921568627451
-0.011764705882353
0.003921568627451
-0.003921568627451
-0.011764705882353
-0.011764705882353
0.003921568627451
-0.003921568627451
-0.003921568627451
0.003921568627451
-0.003921568627451
-0.003921568627451
-0.003921568627451
0.003921568627451
-0.003921568627451
-0.003921568627451
-0.019607843137255
-0.003921568627451
-0.003921568627451
-0.003921568627451
0.011764705882353
0.003921568627451
-0.003921568627451
-0.003921568627451
-0.003921568627451
-0.003921568627451
-0.003921568627451
-0.003921568627451
0.019607843137255
-0.003921568627451
-0.003921568627451
0.003921568627451
-0.019607843137255
-0.003921568627451
0.003921568627451
-0.003921568627451
0.003921568627451
-0.003921568627451
-0.003921568627451
-0.003921568627451
0.003921568627451
-0.003921568627451
-0.003921568627451
-0.003921568627451
0.003921568627451
-0.003921568627451
-0.003921568627451
-0.003921568627451
0.003921568627451
0.003921568627451
-0.003921568627451
0.003921568627451
-0.003921568627451
-0.011764705882353
0.003921568627451
-0.003921568627451
0.019607843137255
0.011764705882353
-0.003921568627451
-0.003921568627451
0.003921568627451
0.003921568627451
-0.003921568627451
-0.003921568627451
-0.003921568627451
-0.011764705882353
-0.003921568627451
0.003921568627451
-0.011764705882353
-0.011764705882353
0.003921568627451
0.003921568627451
-0.011764705882353
-0.011764705882353
0.003921568627451
-0.003921568627451
-0.003921568627451
0.003921568627451
0.003921568627451
-0.003921568627451
0.003921568627451
0.003921568627451
-0.003921568627451
-0.003921568627451
0.003921568627451
-0.003921568627451
-0.003921568627451
-0.003921568627451
-0.003921568627451
-0.027450980392157
-0.003921568627451
-0.003921568627451
-0.003921568627451
-0.003921568627451
0.003921568627451
-0.003921568627451
-0.003921568627451
0.019607843137255
0.003921568627451
-0.003921568627451
0.003921568627451
-0.003921568627451
0.003921568627451
0.003921568627451
-0.003921568627451
0.003921568627451
0.003921568627451
-0.003921568627451
0.003921568627451
-0.011764705882353
-0.011764705882353
0.003921568627451
-0.003921568627451
-0.003921568627451
0.003921568627451
0.003921568627451
-0.003921568627451
0.003921568627451
-0.011764705882353
-0.003921568627451
0.003921568627451
-0.003921568627451
0.019607843137255
0.003921568627451
-0.003921568627451
-0.003921568627451
-0.019607843137255
0.003921568627451
-0.003921568627451
0.003921568627451
0.003921568627451
-0.003921568627451
0.003921568627451
-0.003921568627451
-0.003921568627451
0.003921568627451
-0.003921568627451
-0.003921568627451
-0.003921568627451
-0.003921568627451
-0.003921568627451
-0.003921568627451
-0.003921568627451
-0.003921568627451
0.003921568627451
-0.003921568627451
0.003921568627451
0.003921568627451
-0.003921568627451
-0.003921568627451
0.003921568627451
-0.003921568627451
0.003921568627451
-0.011764705882353
-0.011764705882353
0.003921568627451
-0.003921568627451
-0.003921568627451
-0.019607843137255
-0.003921568627451
-0.003921568627451
-0.003921568627451
0.003921568627451
-0.003921568627451
-0.003921568627451
0.003921568627451
0.003921568627451
-0.003921568627451
-0.003921568627451
-0.003921568627451
0.003921568627451
-0.003921568627451
-0.003921568627451
0.003921568627451
0.003921568627451
-0.003921568627451
-0.003921568627451
0.003921568627451
0.003921568627451
-0.003921568627451
0.003921568627451
-0.003921568627451
-0.003921568627451
-0.003921568627451
-0.003921568627451
-0.003921568627451
-0.003921568627451
-0.003921568627451
-0.003921568627451
0.003921568627451
-0.003921568627451
-0.003921568627451
-0.003921568627451
-0.003921568627451
0.003921568627451
-0.003921568627451
-0.003921568627451
0.003921568627451
0.011764705882353
-0.003921568627451
0.003921568627451
-0.011764705882353
-0.011764705882353
0.003921568627451
-0.003921568627451
0.003921568627451
0.003921568627451
-0.003921568627451
-0.003921568627451
0.011764705882353
0.003921568627451
-0.003921568627451
0.003921568627451
-0.011764705882353
-0.003921568627451
-0.003921568627451
-0.003921568627451
-0.003921568627451
-0.003921568627451
-0.003921568627451
-0.003921568627451
-0.003921568627451
-0.003921568627451
-0.003921568627451
0.003921568627451
-0.003921568627451
-0.019607843137255
0.003921568627451
-0.003921568627451
0.011764705882353
0.003921568627451
-0.003921568627451
-0.003921568627451
0.003921568627451
0.003921568627451
-0.003921568627451
0.003921568627451
-0.003921568627451
-0.003921568627451
-0.003921568627451
0.003921568627451
-0.011764705882353
-0.003921568627451
0.003921568627451
-0.003921568627451
0.003921568627451
-0.003921568627451
0.003921568627451
-0.003921568627451
0.003921568627451
0.003921568627451
-0.003921568627451
-0.003921568627451
0.019607843137255
0.003921568627451
-0.003921568627451
0.003921568627451
-0.019607843137255
-0.011764705882353
0.003921568627451
